pid0
0 0 2 4
1 93104 80121 93104
2 293850 124090 146925
3 47460 14759 15820
4 288224 63783 72056
5 94580 16637 18916
6 429684 64273 71614
8 1411592 149236 176449
10 7357690 360105 735769
15 948360 53565 63224
18 2770740 118427 153930
28 213164 7498 7613
pid104
pid105
0 0 4 30
1 367596 230502 367596
2 1470616 399942 735308
4 1689548 309750 422387
5 269105 49790 53821
6 831816 124591 138636
8 2248504 222167 281063
10 333440 31580 33344
15 866100 53719 57740
18 316458 16977 17581
20 106820 5252 5341
25 164025 6108 6561
28 77000 2571 2750
30 189600 4313 6320
pid106
1 824348 426640 824348
2 3072044 685619 1536022
4 2924056 485533 731014
5 406345 76067 81269
6 1007484 150511 167914
8 1083840 124433 135480
10 645370 61581 64537
15 794370 50449 52958
18 202878 11064 11271
20 60220 2980 3011
25 86000 3335 3440
28 32844 1159 1173
30 118590 2168 3953
pid107
0 0 3335 3788
1 518768 296978 518768
2 1904078 484371 952039
4 2207000 392458 551750
5 372985 69992 74597
6 1067724 152758 177954
8 1109088 125022 138636
10 706670 66197 70667
15 834450 52966 55630
18 237096 12835 13172
20 71220 3487 3561
25 154100 4159 6164
28 27888 976 996
30 129240 1954 4308
pid108
1 516377 264146 516377
2 2149298 449291 1074649
4 1905324 334854 476331
5 306420 56669 61284
6 796524 113733 132754
8 796312 90778 99539
10 526520 49974 52652
15 695490 43430 46366
18 213552 11595 11864
20 69200 3405 3460
25 97525 3791 3901
28 61404 2160 2193
30 150510 2865 5017
pid109
1 388747 215679 388747
2 1299666 327461 649833
4 1431388 258542 357847
5 317335 58730 63467
6 657330 98514 109555
8 654832 74658 81854
10 421040 39616 42104
15 608715 37484 40581
18 165132 8833 9174
20 424300 9613 21215
pid110
0 0 1 6
1 644837 461370 644837
2 1122240 386367 561120
4 2153760 407931 538440
5 350790 64552 70158
6 1323126 192732 220521
8 2568472 281503 321059
10 1030480 93393 103048
15 1505085 92193 100339
18 2235816 94968 124212
20 862340 36551 43117
pid200
1 1640632 397569 1640632
2 1309912 308972 654956
4 1575812 238574 393953
5 371470 63447 74294
6 262986 40466 43831
8 330728 37618 41341
10 195150 18573 19515
15 333225 20944 22215
18 109710 5976 6095
20 59580 2928 2979
25 119375 4718 4775
28 58828 2098 2101
30 216810 6679 7227
pid201
0 0 106 140
1 3271412 683920 3271412
2 2760256 436952 1380128
4 3713812 352475 928453
5 865615 125595 173123
6 840360 111470 140060
8 1410760 134341 176345
10 1103570 90978 110357
15 2250015 114436 150001
18 844542 42866 46919
20 467720 22483 23386
25 1179625 44554 47185
28 564396 19691 20157
30 5025600 103226 167520
pid202
1 3733315 936752 3733315
2 3545328 676818 1772664
4 4896828 483281 1224207
5 1095725 168896 219145
6 1334160 162638 222360
8 2176536 205566 272067
10 1827090 149715 182709
15 3512955 175782 234197
18 1326564 64642 73698
20 678400 32002 33920
25 1595100 58054 63804
28 876036 29963 31287
30 9523650 166432 317455
pid203
0 0 1 1
1 3671625 1334522 3671625
2 4411434 1078327 2205717
4 5585168 808511 1396292
5 1621565 273601 324313
6 1327002 198147 221167
8 2452032 271495 306504
10 2747270 243284 274727
15 4946475 295221 329765
18 1628550 86581 90475
20 6398900 149843 319945
25 606550 23897 24262
28 151816 5404 5422
30 1231890 31206 41063
pid204
0 0 1913 2508
1 2699955 966158 2699955
2 2834772 838412 1417386
4 5161548 822083 1290387
5 1686205 285897 337241
6 1644108 241829 274018
8 2909608 317547 363701
10 2481310 229103 248131
15 5246850 319009 349790
18 2027304 109307 112628
20 1045340 51498 52267
25 2186950 85323 87478
28 983808 34757 35136
30 4322070 120783 144069
pid205
1 1976800 662672 1976800
2 1860842 520732 930421
4 4112264 594702 1028066
5 1216500 200533 243300
6 1122846 159880 187141
8 1952080 205142 244010
10 1532850 135877 153285
15 3166005 180243 211067
18 1309176 68876 72732
20 4656540 166074 232827
pid206
1 1645523 489252 1645523
2 2892432 740939 1446216
4 4441004 561686 1110251
5 1810990 296248 362198
6 2543868 325112 423978
8 2478136 250604 309767
10 3378370 282074 337837
15 5481480 291750 365432
18 2450376 112506 136132
20 6929880 249459 346494
pid207
0 0 2 2
1 3423573 1579254 3423573
2 3530548 936572 1765274
4 4514524 677085 1128631
5 849540 150859 169908
6 954138 143648 159023
8 1537936 171819 192242
10 1208050 111524 120805
15 2360820 140493 157388
18 1019142 53336 56619
20 1992560 83599 99628
30 294780 9773 9826
pid502
1 257897 169199 257897
2 1218360 404224 609180
4 2447660 437774 611915
5 142680 27775 28536
6 782574 120683 130429
8 741120 88355 92640
10 418090 40902 41809
15 593760 38784 39584
18 149094 8252 8283
20 49320 2466 2466
25 74700 2986 2988
28 19740 705 705
30 17610 587 587
pid503
0 0 9461 12916
1 135769 115707 135769
2 1228752 329210 614376
4 1138928 224655 284732
5 158035 29358 31607
6 809394 119836 134899
8 968376 109122 121047
10 634270 58005 63427
15 1304505 71281 86967
18 635310 29300 35295
20 4257580 107418 212879
25 6765200 226866 270608
30 394440 7630 13148
pid505
1 113370 73402 113370
2 763218 193595 381609
4 1198396 119710 299599
5 40630 7998 8126
6 2002056 281901 333676
8 755560 61387 94445
10 2485680 240761 248568
15 1190625 50782 79375
18 697698 26085 38761
20 8395940 379936 419797
28 25872 906 924
30 425340 14067 14178
pid506
1 1182097 576395 1182097
2 858220 273813 429110
4 722480 153327 180620
5 62680 11986 12536
6 377946 59525 62991
8 1855280 208618 231910
10 1620920 147012 162092
15 758865 48386 50591
18 1289646 68218 71647
20 303460 14865 15173
24 1161192 40503 48383
28 948780 28476 33885
30 473970 14382 15799
50 221850 4415 4437
65 52650 810 810
100 1493300 12633 14933
pid507
2 1168962 357695 584481
4 278008 43795 69502
6 29064 4676 4844
10 142030 13214 14203
15 116460 7518 7764
16 147536 8871 9221
18 180 10 10
20 331660 15787 16583
25 75 3 3
28 112 4 4
pid508
0 0 1 1
2 534578 246298 267289
4 699220 165068 174805
6 1937460 299382 322910
10 7829050 713034 782905
15 6166575 396238 411105
16 6840416 402858 427526
18 1704276 93370 94682
20 5366240 262000 268312
25 4769200 168699 190768
28 5138448 160126 183516
30 3809670 106976 126989
pid509
1 567118 413590 567118
2 799768 302025 399884
3 592593 169653 197531
4 1104744 226313 276186
5 295930 54384 59186
6 910410 138444 151735
8 1470752 169977 183844
10 510350 46915 51035
15 2241870 138666 149458
18 3684078 182904 204671
20 3584220 157498 179211
30 405690 13467 13523
pid510
1 625725 383141 625725
2 917428 324725 458714
4 851960 182847 212990
5 126580 23970 25316
6 959454 135188 159909
8 4233520 427039 529190
10 2766050 245500 276605
15 1250640 77957 83376
18 1170612 54493 65034
20 2824960 133789 141248
pid513
pid702
1 2933113 1225997 2933113
2 3580760 855952 1790380
3 2090112 481215 696704
4 2160004 415051 540001
5 1378695 238788 275739
6 1750896 247801 291816
8 2468520 260510 308565
10 1993100 176785 199310
15 4890465 269553 326031
18 11115162 320383 617509
28 1092840 38056 39030
pid703
1 3388338 1258094 3388338
2 4395082 1036626 2197541
3 1662372 355866 554124
4 2840700 449587 710175
5 739370 131640 147874
6 1564056 207987 260676
8 1837864 199906 229733
10 1312760 121494 131276
15 3034260 183209 202284
18 3483450 158934 193525
28 428708 15251 15311
pid704
1 1251644 494758 1251644
2 1129938 309619 564969
3 418458 116302 139486
4 535456 111361 133864
5 261885 48294 52377
6 298200 46191 49700
8 493488 56318 61686
10 345070 32811 34507
15 569310 36442 37954
18 322362 17081 17909
28 26600 950 950
pid705
1 1165020 373434 1165020
2 750042 227935 375021
3 275139 78244 91713
4 342680 74070 85670
5 156050 29652 31210
6 219804 34117 36634
8 258328 30883 32291
10 178310 17455 17831
15 309660 20200 20644
18 149634 8155 8313
28 9128 325 326
pid706
1 679691 433820 679691
2 910790 318269 455395
3 1078542 252305 359514
4 650052 139382 162513
5 386035 71911 77207
6 590550 89531 98425
8 734208 83891 91776
10 594740 56388 59474
15 1050510 66951 70034
18 825192 42883 45844
28 94024 3350 3358
pid707
1 1055847 588978 1055847
2 1216054 408202 608027
3 1326138 313032 442046
4 1595196 319431 398799
6 2712258 340904 452043
8 3868432 424685 483554
10 2248830 205612 224883
12 3153720 245660 262810
18 13107492 512908 728194
20 10591200 357172 529560
25 3661125 141810 146445
28 2033724 71479 72633
30 954180 31554 31806
pid708
pid709
1 329219 116090 329219
2 64578 24772 32289
3 17472 5086 5824
4 8908 2096 2227
5 3995 769 799
6 2166 357 361
8 1944 237 243
10 600 56 60
15 450 30 30
18 378 11 21
28 56 2 2
pid710
1 662459 377670 662459
2 571176 209719 285588
3 341481 97378 113827
4 450488 95234 112622
5 216435 40896 43287
6 241074 37630 40179
8 383880 44264 47985
10 183000 17877 18300
15 303570 19382 20238
18 231264 10654 12848
28 19432 690 694
pid711
1 729681 490650 729681
2 1012612 289632 506306
3 291207 87651 97069
4 779948 147444 194987
5 197325 36226 39465
6 240984 37332 40164
8 636952 72655 79619
10 303030 25355 30303
15 438765 26678 29251
18 933588 36544 51866
28 60060 2138 2145
pid712
1 440864 236800 440864
2 725978 145609 362989
3 115812 35690 38604
4 116264 24903 29066
5 50190 9888 10038
6 44814 7057 7469
8 49944 6040 6243
10 788010 40852 78801
15 38160 2393 2544
18 225936 10837 12552
28 5152 184 184
pid802
1 579181 68225 579181
2 242808 49172 121404
3 91206 22646 30402
4 37192 8352 9298
5 16800 3210 3360
6 8256 1341 1376
8 7992 987 999
10 2430 243 243
15 1590 106 106
